NaturalNumber1LFastPower:
p,t
0,0
50,0
100,15
150,31
200,31
250,31
300,62
350,62
400,46
450,93
500,171
550,218
600,187
650,234
700,375
750,421
800,453
850,656
900,1000
950,937
1000,984

NaturalNumber2FastPower:
p,t
0,0
50,0
100,15
150,15
200,15
250,15
300,15
350,15
400,15
450,15
500,15
550,31
600,31
650,31
700,31
750,31
800,46
850,31
900,31
950,46
1000,46

NaturalNumber2SlowPower:
p,t
0,0
50,31
100,15
150,31
200,31
250,46
300,31
350,31
400,46
450,62
500,31
550,31
600,46
650,62
700,62
750,62
800,78
850,93
900,78
950,171
1000,125
